TEXT:[63.87726389039763, 95.81589583559645, 95.81589583559645, 79.84657986299703, 1389.3304896161485, 175.66247569859348, 175.66247569859348, 31.938631945198814, 95.81589583559645, 415.2022152875846, 718.6192187669733, 175.66247569859348, 111.78521180819587, 782.496482657371, 335.35563542458755, 47.907947917798225, 686.6805868217746, 702.6499027943739, 686.6805868217746]
KEY_1:3.14159265
KEY_2:1.61803
